stimulus,red,orange,yellow,green,blue,purple
red,0.792,0.834,1.08,1.173,1.153,1.473
orange,0.834,0.758,0.944,1.07,1.158,1.355
yellow,1.08,0.944,0.656,0.905,1.062,1.191
green,1.173,1.07,0.905,0.705,1.005,0.948
blue,1.153,1.158,1.062,1.005,0.819,1.008
purple,1.473,1.355,1.191,0.948,1.008,0.754
